%YAML:1.0
---
Size: [ 640, 480 ]
K: !!opencv-matrix
   rows: 3
   cols: 3
   dt: d
   data: [ 503.74229128204672, 0., 314.87506062116574, 0.,
       503.86607008347664, 241.88186854434386, 0., 0., 1. ]
D: !!opencv-matrix
   rows: 1
   cols: 14
   dt: d
   data: [ -1.9020428791957107, -6.0374462197085998,
       0.001112358675212879, -0.00040057046482909605, 19.23542070264644,
       -1.9506110960191205, -5.8142070166570834, 18.891006583554621, 0.,
       0., 0., 0., 0., 0. ]
