%YAML:1.0
---
Size: [ 640, 480 ]
K: !!opencv-matrix
   rows: 3
   cols: 3
   dt: d
   data: [ 5.2683832041413370e+02, 0., 3.2793029827384123e+02, 0.,
       5.2959802186748755e+02, 2.4200978481015400e+02, 0., 0., 1. ]
D: !!opencv-matrix
   rows: 1
   cols: 14
   dt: d
   data: [ 2.6287698936554079e+01, -2.2629001633438983e+02,
       2.2162659554322110e-03, 5.2380863202136502e-03,
       1.8399638716039560e+03, 2.5719562195205533e+01,
       -2.2150157171080340e+02, 1.8175862298615559e+03, 0., 0., 0., 0.,
       0., 0. ]
